3.478801
1.615551
2.870229
3.015961
1.849414
2.396276
2.759300
2.150863
2.906872
2.783135
2.986798
1.677487
2.519028
3.056657
1.879016
3.515400
2.780375
1.978868
3.041352
3.225768
2.720549
1.186129
2.089700
2.343441
1.982037
1.487768
2.593608
3.224402
1.503171
1.903663
2.018815
3.147317
2.774982
1.463214
1.389006
1.425913
3.156788
2.226951
2.922561
1.920598
2.323681
2.089780
2.902535
2.625522
2.760325
1.834889
2.956531
3.865022
2.537303
2.119737
2.149541
3.267287
2.749462
2.551541
2.039581
2.807249
2.394326
2.396529
3.559175
2.580419
1.618592
3.356323
2.679191
2.477528
2.591717
2.708464
2.968062
1.925241
2.484305
2.602378
2.933924
2.945321
3.959066
1.975957
2.174683
2.841277
1.390054
3.348316
2.390303
1.833274
1.729423
2.281540
2.358082
3.305931
2.696988
2.856877
2.372299
2.010369
4.373668
2.154674
2.300538
2.227724
3.175582
1.963812
3.123976
2.591270
2.307408
2.289366
3.127731
1.019469
3.239711
1.516482
2.411828
2.908389
3.069565
3.073610
2.210219
2.329447
3.019809
2.243073
2.417194
1.371042
2.909857
4.174328
2.454800
2.610031
2.752324
2.568939
1.666291
2.799494
2.815885
2.188924
2.840554
2.444992
3.080839
2.892904
3.244796
2.369866
2.618640
2.637589
1.932999
3.210579
1.948870
2.302545
2.281816
3.171514
2.051460
3.016453
3.120908
2.515011
3.851077
1.051316
2.963245
2.120703
2.045868
2.363871
2.052460
2.426809
1.992862
2.584097
4.083023
2.394723
1.999234
2.996039
2.958805
2.590520
1.888429
1.717033
1.863983
2.662107
2.179726
2.464764
2.411925
3.306814
1.782096
3.272939
2.872956
3.438596
2.704108
2.522545
3.461143
2.259978
1.519498
2.822926
3.213042
3.406553
2.011328
2.616431
1.585165
2.816517
2.022041
3.288866
2.614016
2.408714
2.507955
3.233533
3.101766
1.610934
1.906541
1.938244
1.416998
2.949613
2.301978
1.711818
1.921580
3.095660
2.167798
1.773106
3.123996
2.693482
2.805735
4.073382
2.449207
2.979866
1.614137
1.962302
2.089891
2.431120
2.553122
3.031299
3.655090
1.755017
2.664585
2.718709
1.921330
2.629812
2.887706
1.924215
2.837047
2.341235
1.991282
2.520156
3.219235
2.595774
2.395650
3.255223
2.248258
2.335123
3.740951
2.549842
2.604828
1.918982
3.225223
2.910918
2.964740
1.983252
1.375108
1.715715
2.217186
3.303643
2.652679
2.067443
2.298364
2.550701
2.360976
1.800568
1.744782
2.125451
2.102112
2.582182
3.287740
4.563628
2.791940
2.120877
2.271668
3.350391
3.166429
2.808096
2.691512
2.743311
2.652694
1.822376
3.233566
3.250625
2.199727
2.512622
3.656222
2.346271
1.604038
2.307062
2.122668
1.741011
3.073970
1.891727
2.128829
1.895085
2.976654
2.314696
2.400332
2.138349
2.725451
4.053393
2.624863
2.133781
2.585182
3.133931
3.122843
2.363019
3.439125
2.476476
2.400278
3.269729
2.729979
3.219647
2.444563
2.283342
3.498283
2.755443
2.106700
2.782063
3.591676
2.438921
2.096042
2.688423
2.296975
2.125539
3.759737
2.345249
2.717590
2.568038
3.368930
1.948493
2.509846
2.800090
2.361746
1.718462
2.498247
2.200900
2.626923
2.368859
2.516486
2.533143
2.921350
2.489747
2.145720
2.453678
2.403733
1.787974
3.182768
2.780844
2.195802
2.561105
2.884898
3.813324
4.020119
2.349848
2.219217
1.923686
2.603665
2.853820
2.287722
2.533381
2.442989
3.041067
1.963943
2.438795
2.396394
2.052702
2.370538
2.423819
2.650336
2.268716
1.676617
2.716652
1.597702
2.804519
1.961902
2.887659
3.673996
2.677162
3.243282
2.241205
2.243930
3.685870
2.682274
2.381483
2.075705
2.112913
1.743870
3.341956
2.472437
2.472686
3.582215
2.611930
1.651019
2.492984
4.252533
2.262716
2.819915
2.883567
3.588939
2.266140
3.064677
1.642041
3.130800
2.415534
2.933535
1.763282
2.956008
1.733409
2.315026
2.478482
2.409924
2.977356
2.381695
2.380364
2.643806
2.560042
2.503453
2.925525
3.086051
2.691508
1.694003
2.715341
2.633473
2.123745
3.668226
3.096376
2.059393
3.464458
3.677427
2.176262
2.538112
3.951112
2.945907
2.659930
1.525751
3.000923
2.454369
2.345268
1.673888
2.093947
2.377735
2.594000
2.429300
3.305729
2.323030
1.886773
1.752681
2.030822
2.302649
3.286672
2.987117
3.502293
2.125018
2.312831
3.460552
3.064912
2.529555
2.124227
2.854016
2.535041
2.561412
3.111482
2.271398
3.352345
2.034714
2.493377
2.077230
2.640436
2.318099
3.743133
2.034921
2.137428
2.444785
2.230040
2.426415
2.108247
2.760549
1.823576
2.608406
3.131761
2.342156
2.357674
2.317741
1.668996
1.459768
2.403307
3.262932
1.585157
2.523362
2.940575
3.527682
2.183796
1.021897
1.833386
2.280792
2.928294
2.684571
2.602047
2.298572
2.585769
2.811563
3.024082
2.880971
2.858489
2.521563
2.200758
3.857678
2.317761
2.088449
2.352288
2.549219
2.672360
1.830545
4.149358
3.349639
2.298294
1.341208
3.320495
2.969544
3.332821
2.566282
2.442241
3.049540
2.506438
2.668159
2.282201
3.043011
2.099183
2.285279
1.492185
1.766913
2.575115
1.564770
2.616609
2.419963
2.043656
2.295514
2.505079
2.073229
2.634407
2.521404
1.985372
2.001809
3.521638
1.564303
3.555195
3.488354
2.510106
2.486457
1.283657
2.386274
2.937363
1.854429
2.225585
2.913597
3.471625
2.243579
2.172258
3.133967
3.111569
1.937106
3.161423
2.452358
2.721054
2.777642
1.504681
2.066706
1.884037
2.831900
1.696550
2.468606
3.101828
2.908720
2.968970
1.504418
3.601398
2.039255
1.941113
2.698830
2.224689
2.244769
2.519376
1.498928
2.355616
1.869122
2.338331
2.708221
2.672850
3.150689
2.695389
2.185430
2.597752
2.853363
2.066081
1.736101
2.383974
2.814489
1.864520
3.377438
2.328403
2.300373
2.150260
2.468880
2.958187
2.391253
1.736425
2.603550
2.009103
2.080233
2.559239
2.345713
2.544694
2.172309
1.718877
2.065541
2.717965
2.291020
2.352364
2.562223
2.613067
3.203469
2.899665
2.393796
3.608594
1.476953
2.453221
1.720232
3.316023
3.118870
2.897674
1.874440
1.287830
3.019887
2.973925
2.547800
2.478523
3.533706
2.657205
2.016691
2.798111
1.781894
2.761929
2.691140
2.459688
2.914495
2.378685
2.072369
2.494517
2.299215
2.464675
2.304625
3.215078
1.377553
3.038318
2.130232
2.955078
2.527999
3.803220
2.635428
2.480818
1.981089
3.058171
3.953391
2.023271
1.468630
2.984792
2.356136
2.247994
2.248635
2.830708
2.557292
1.940154
2.256081
3.037035
1.729867
1.673902
2.316940
1.949624
3.662664
3.752970
2.278556
3.488091
1.989510
3.498816
1.586940
2.628791
1.914227
2.206432
1.876031
3.084529
1.860411
3.344241
3.094787
2.422620
2.825334
1.900827
2.930266
2.571579
1.446990
2.938424
2.553386
2.296669
2.513601
4.628198
2.897108
2.624497
2.896702
1.842780
2.443820
1.907635
1.563583
2.755420
2.361369
2.793102
1.932947
2.822110
1.970495
3.381877
3.526566
1.087352
1.485834
2.122207
2.291248
2.094106
2.195460
2.644734
1.734718
2.403065
2.809045
2.206477
2.455632
1.695534
1.905180
3.528625
1.205150
2.535136
2.425598
3.244642
1.958986
3.948022
2.941204
3.193870
2.792120
2.255883
1.751046
2.234037
2.191160
2.261537
3.711520
1.280507
2.397277
2.536970
2.462224
3.214932
1.850558
1.972101
2.301477
2.015480
2.201411
4.874307
2.121085
2.744868
2.299851
2.380096
1.828748
2.109447
2.817410
1.491254
2.305788
1.800153
2.056344
2.255140
1.112440
3.045460
3.829251
1.825138
3.316955
1.855136
2.431445
2.681508
2.624917
1.878963
2.919235
2.475222
1.718327
2.800273
2.350118
3.081126
4.406705
2.000679
1.484367
2.799163
2.544798
4.339173
2.004013
3.373010
2.374742
2.153808
2.828851
3.154137
2.922458
3.289974
3.017668
1.730282
3.297656
1.485353
2.452866
1.954571
1.772563
2.684321
3.375061
3.822609
2.894875
3.223896
1.681159
2.146374
2.621897
2.243225
2.652260
2.744522
1.701859
2.665161
2.939626
2.308463
2.380551
1.644408
2.267840
2.412618
4.227202
2.081952
2.638866
1.317134
2.167897
2.395599
1.890231
2.087864
2.655543
2.120653
2.083875
3.131406
2.680899
2.529409
1.313114
3.445239
1.967954
2.187389
2.673240
2.294710
2.467676
2.114885
2.214339
2.135876
1.657907
3.069119
1.938288
3.024750
2.705449
3.111231
2.033280
2.879998
2.248711
1.959771
2.372963
3.793851
2.140925
3.024582
2.011072
1.567774
2.379532
1.532907
2.324714
2.343648
1.880658
2.099471
3.119693
1.745252
2.031527
1.962378
2.139622
3.639269
2.165068
2.288912
3.138402
2.135067
2.543122
1.868517
1.212244
2.713330
1.560309
2.496110
2.584409
